0 1 2 3 4 5 6 7 8 9 10 11 12 13 14 15 16 17 18 19 20 21 22 23 24 25 26 27 28 29
30 31 32
33 34 35
36 37 38 39 40 41 42 43 44 45 46
38 39 47 48
38 39 48 49 50 51 52 53 54 55 56 57 58
32 41 59 60 61 62
3 39 48
63 64 65 66 67 68
32 69
48 70 71 72
39 73 74 75 76 77 78 79
36 38 39 41 48 79 80 81
82 83 84
41 85 86 87 88
39 48 89 90 91 92 93 94 95 96 97 98 99 100 101
36 38 39 48 89
39 41 102 103 104 105 106 107 108
38 39 41 109 110
39 111 112 113 114 115 116 117 118
119 120 121 122 123 124 125 126 127 128 129 130 131 132 133
48 134 135 136
39 48 137 138 139 140 141 142 143 144 145 146 147 148 149
39 150 151 152
38 39 56 153 154 155
48 156 157 158 159 160
39 41 48
161 162 163 164 165 166 167
38 39 48 168 169 170 171 172 173
32 39 41 48 174 175 176 177 178
32 38 39 47 48 179 180 181 182 183
39 184 185 186
36 38 41 48 140 187 188
39 48 186 189 190 191 192 193 194 195 196 197 198 199 200
39 201 202 203 204 205 206 207 208 209
39 65 193 210 211 212 213 214 215
179 216 217 218 219 220 221 222 223 224
225 226 227
39 41 48 228 229 230 231
36 38 39 232 233 234 235 236 237 238 239 240 241 242
39 243 244 245
39 41 48 246 247 248 249 250
39 48 65 251 252 253
48 230 254
39 48 66 78 242 255 256 257 258 259 260 261
39 48 262
36 38 39 225 263 264 265 266 267
39 242 268 269 270 271
39 48 79 146 237 256 272 273
274
32 38 39 48 275 276 277 278 279 280 281 282 283
39 48 68
38 39 48 95 96 105 284 285 286 287
39 41 48 212 288 289 290 291 292 293 294 295 296 297 298 299
300 301 302
36 38 39 105 303 304 305 306 307 308 309 310 311 312 313 314 315 316 317 318 319 320 321
10 322 323 324 325 326 327
39 48 152 161 328
39 329 330
48 331 332 333 334 335 336 337 338 339
18 37 38 41 48 147 340 341 342 343 344 345 346 347
32 39 41 48 348 349 350
48 351 352 353 354 355 356 357 358 359 360 361 362 363 364
365 366
38 39 41 48 60 367 368 369 370 371 372 373 374 375
1 11 39 41 48 65 89 376 377 378 379 380 381 382 383 384 385
386 387 388 389
38 41 390
38 55 391
32 43 151 152 201 258 340 392 393 394 395 396 397 398 399
338 400 401 402 403 404
39 405 406 407
48 89 101 179 186 258 340 408 409 410 411 412 413 414 415 416 417 418 419 420 421 422
39 45 48 248 423 424 425 426
141 344 427 428 429 430 431
39 432 433 434
39 48 65 435 436 437 438
15 23 36 38 48 123 229 291 331 337 390 439 440 441 442 443 444 445 446 447 448 449 450
48 451 452 453 454 455 456 457 458 459 460
37 38 48 147 174 461 462 463 464 465 466 467 468 469 470 471
39 48 472 473 474 475
39 41 476
477 478 479
39 161 480 481 482 483 484 485 486
32 39 41 48 152 237 396
38 39 41 105 110 487
60 381
11 39 48 255 488 489 490 491 492 493 494 495 496 497 498 499 500
39
41 110 501
32 38 39 48 170 178 502 503
38 41 504
225 232 347 505 506 507 508 509 510 511 512 513 514 515
38 39 41 48 170 189 225 270 516
39 48
38 39 281 517
2 518 519 520
310 521 522
41 523 524
48 310 416 521 522 525 526 527 528 529 530 531
38 39 110 532
18 38 47 48 89 258 293 338 365 533 534 535 536 537 538 539 540 541 542 543 544
39 48 106 107 264 308 384 498 545 546 547 548 549
39 48 312 550 551 552 553 554 555 556 557 558
32 39 41 48 89 129 255 357 367 368 408 491 552 559 560 561 562 563 564 565 566 567 568 569 570
38 170 201 571
39 41 48 572 573 574 575
38 39 161 281
36 38 48 78 155 576 577 578 579 580 581 582 583 584 585 586 587 588 589 590 591
39 48 592 593 594 595 596 597 598 599 600
39 178 601 602
38 39 170 207 603 604 605 606
126 290 292 548 607 608 609 610 611 612 613 614 615 616 617 618 619 620 621 622 623 624
625 626
39 48 627
39 41 48 134 272 475 628 629 630 631 632 633 634 635 636
39 48
38 39 41 48 89 110 637 638 639
38 48 170 242 255 389 604 640 641 642 643 644 645 646 647
36 38 39 271
39
39 89 186 543 648 649 650 651 652 653 654
41 511 655 656 657
39 48 658
39 48 201 659 660 661 662 663 664 665 666 667 668 669 670 671 672 673 674 675
39 41 676 677 678 679
39 72 365
39 680 681
23 39 41 48 260 357 470 682 683 684 685 686 687 688 689 690 691 692 693
37 38 39 48 694
32 39 166 346 533 695 696 697 698 699 700 701 702 703 704
12 39 578 597 705 706 707 708 709 710 711 712
39 155 338 713 714
37 38 39 41 48 170 433 715 716 717
718 719
39 48 150 160 720
19 36 38 39 41 48 248 543 721 722 723 724 725 726 727 728 729 730 731 732 733 734 735 736 737 738 739 740
41 48 741 742 743 744 745
10 746
9 39 41
747
359 748
9 227 715 749 750 751 752 753 754 755
39 48 68 649 756 757 758 759 760 761 762 763
209 211 242 618 637 651 764 765 766
647 767 768 769
39 41 770
38 286 359
38 110
19 39 284 420 771 772
39 48 773 774
37 38 110 334 775 776 777 778 779
11 39 41 48 67 102 225 228 278 564 780 781 782 783 784 785 786 787 788 789
38 39 41 790 791
38 39 48 286
38 39 41 47 48 61 150 312 441 561 622 649 792 793 794 795 796 797 798 799 800 801 802 803 804 805
48 768 806
38 41 170 420
38 286
39 41 48 807 808 809
32 41 420 810
39 48 89 811 812
0 39 48 65 120 181 730 813 814 815 816 817
22 32 39 818 819
39 41 806 820 821 822 823
39 48 179 490 570 572 649 723 824 825 826 827 828 829 830 831 832 833 834
36 38 483 492 740 835 836 837
38 838 839 840 841 842
48 798 843 844 845 846
9 39 48 704 767 809 847 848 849
9 38 39 170 330 714 850 851 852 853
39 41 48 854
237 855 856
39 45 48 522 535 681 857 858 859 860
39 48 861 862
39 48 359
38 39 48 110 161 863 864 865 866
441 645 867 868 869 870 871 872 873 874 875 876 877 878 879 880 881 882 883 884 885
39 41 161 259 260 886 887 888
39 48 798 859 889 890
39 48 101 249 255 278 441 479 495 585 678 809 891 892 893 894 895 896 897 898 899 900 901 902 903 904 905 906
39 907
48 65 908 909 910 911 912 913
38 39 48 170 303 494 914 915
31 39 41 93 916
209 917 918 919 920 921
32 38 39 41 47 191 209 348 390 422 441 547 645 877 922 923 924 925 926 927 928
32 48 270 511 750 929 930 931 932
32 38 39 41 42 170 178 213 272 511 589 933 934 935 936 937 938 939 940 941
39 48 942 943 944 945 946 947 948
38 39 48 286 949 950 951 952
39 41 349 606 665 953 954 955 956 957 958
10 39 41 48 959 960
9 48 96 107 529 549 606 789 961 962 963 964 965
39 269 384 966 967
25 32 41 117 185 232 248 340 503 530 533 762 927 968 969 970 971 972 973 974 975 976 977 978 979 980 981 982
65 76 128 136 185 535 558 612 615 730 913 916 983 984 985 986 987 988 989 990 991 992 993 994 995 996 997 998 999 1000 1001 1002 1003 1004 1005
1006 1007 1008
39 389 989 1009 1010
39 41 48 715 755 1011 1012 1013 1014 1015 1016 1017
